4241
4242
4244
4245
4247
4248
4250		
4252	
4254		
4255		
4259		
4260		
4261
4262
4263
4264		
4269
4270
4271
4273
4290
4291
4292
4293
4294
4295
4297
4298
4299
4301
4305
4306
4307
4308
4310
4311
4314
4316
4317
4319
4321
4322
4324
4325
4328
4342
4343
4344	
4345		
4346		
4349
4350
4351
4353
4355
4356
4357
4358
4359
4362		
4363
4364		
4365		
4366		
4368
4369
4371
4372
4374
4375		
4376		
4377		
4378		
4386
4387
4408
4428
4429
4430
4431
4433
4434
4435
4436
4438
4439
4440
4445
4448
4450
4457
4458
4459
4460
4464
4465
4466
4467
4469
4470
4471
4472
4475
4476
4477
4478
4480
4481
4493
4494
4495
4497
4499
4500
4501
4502
4504
4505
4507
4508